model: 4.13053296861539*n            ; error: 59.18926124220592
model: 0.00364221076303311*n**3      ; error: 1020.0656201259454
model: 0.124968753428192*n**2 + 5.0  ; error: 204.04368877027179
model: 3.09548659261809*exp(-0.0354729372967272*n**5); error: 9271.786191560135
model: 4.31571815147158*n - 5.0      ; error: 36.14951417806863
model: 5.0*exp(0.09619236730128*n)   ; error: 885.9055399561472
model: 0.130051086454666*n**2        ; error: 287.07546203372897
model: 5.0 - 3.02230607550146*exp(-0.431765598228177*n**3); error: 8500.390515439785
model: 0.00351039297420261*n**3 + 5.0; error: 834.9945807279144
model: 5.0*exp(0.0952354878447104*n) + 5.0; error: 716.8022188194929
model: 1.5171454848292*exp(-0.00491585701543784*n**2); error: 9248.01152735572
model: 9.72124605822445e-5*n**4      ; error: 1777.4428837579162
model: 6.43768549579704e-8*n**6      ; error: 3046.4826757835476
model: 5.0 - 3.13751181045608*exp(-0.616808025230547*n**2); error: 8500.395967988014
model: 4.14422893888024*exp(-0.0397675520210133*n**3); error: 9270.9722297452
model: 0.0406643605892121*n**2 + 2.8955412739173*n; error: 4.326359559532559
model: 0.124968361472069*n**2 + 5.0 - 2.84775492656999*exp(-1.27278162926069*n); error: 203.7614483933487
model: -0.0032686459941121*n**3 + 0.23525776480854*n**2 + 5.0 - 3.24143277992409*exp(-0.434192662447085*n**2); error: 19.44445672961457
model: 0.114046764980957*n**2 + 5.0*exp(0.0365293270569049*n); error: 183.21465664285742
m  c0: 0.4472135954999579 c1:0.48121182505960347
C0*n**2 + C1*n 0.0406643605892121*n**2 + 2.8955412739173*n 4.326359559532559
[0, 3, 6, 9, 12, 15, 19, 22, 26, 29, 33, 37, 41, 45, 49, 53, 57, 61, 65, 70, 74, 79, 83, 88, 93, 98, 103, 108, 113, 118, 123, 129, 134, 140, 145, 151, 157, 163, 169, 175, 181]
[2, 3, 5, 7, 11, 13, 17, 19, 23, 29, 31, 37, 41, 43, 47, 53, 59, 61, 67, 71, 73, 79, 83, 89, 97, 101, 103, 107, 109, 113, 127, 131, 137, 139, 149, 151, 157, 163, 167, 173, 179]
0 2 -2 0
3 3 0 2
6 5 1 2
9 7 2 3
12 11 1 5
15 13 2 6
19 17 2 8
22 19 3 10
26 23 3 13
29 29 0 16
33 31 2 16
37 37 0 18
41 41 0 18
45 43 2 18
49 47 2 20
53 53 0 22
57 59 -2 22
61 61 0 24
65 67 -2 24
70 71 -1 26
74 73 1 27
79 79 0 28
83 83 0 28
88 89 -1 28
93 97 -4 29
98 101 -3 33
103 103 0 36
108 107 1 36
113 109 4 37
118 113 5 41
123 127 -4 46
129 131 -2 50
134 137 -3 52
140 139 1 55
145 149 -4 56
151 151 0 60
157 157 0 60
163 163 0 60
169 167 2 60
175 173 2 62
181 179 2 64
66