Final score:
model: 982.866074614251 + 937.593547041937*exp(-149.972317624236*an_1**2); error: 434460952107669.75
model: 1.54705865744975*an_1         ; error: 24212431629924.973
model: 0.14291722454618*an_1*an_2**3 + 987.927704657554; error: 434460883421551.9
model: -0.269595797555255*an_1*an_2 + 975.345921020777; error: 434461062005562.25
model: 2.58379556225852*an_2 - 998.438565235977; error: 9246326415959.334
model: 3.2194371228973*an_2          ; error: 9248325932348.36
model: 0.249197684826896*an_1**2     ; error: 434474456769637.25
model: 2.11775949629289*an_1 - 978.90509346929; error: 24209257315530.383
model: -0.0109623754214194*an_2**2   ; error: 434474456769637.25
model: -0.0870241917003689*an_1**2*an_2 + 0.194750697029233*an_1*an_2 + 2.73107589443233*an_2 - 994.832227100892; error: 9246332423544.64
model: 1.07156798568586*an_1 + 0.650299783090391*an_2; error: 0.0            
0 0 0 0
1 1 0 0
1.0 1 0.0 0
2.0 2 0.0 0.0
3.0 3 0.0 0.0
5.0 5 0.0 0.0
8.0 8 0.0 0.0
13.0 13 0.0 0.0
21.0 21 0.0 0.0
34.0 34 0.0 0.0
55.0 55 0.0 0.0
89.0 89 0.0 0.0
144.0 144 0.0 0.0
233.0 233 0.0 0.0
377.0 377 0.0 0.0
610.0 610 0.0 0.0
987.0 987 0.0 0.0
1597.0 1597 0.0 0.0
2584.0 2584 0.0 0.0
4181.0 4181 0.0 0.0
6765.0 6765 0.0 0.0
10946.0 10946 0.0 0.0
17711.0 17711 0.0 0.0
28657.0 28657 0.0 0.0
46368.0 46368 0.0 0.0
75025.0 75025 0.0 0.0
121393.0 121393 0.0 0.0
196418.0 196418 0.0 0.0
317811.0 317811 0.0 0.0
514229.0 514229 0.0 0.0
832040.0 832040 0.0 0.0
1346269.0 1346269 0.0 0.0
2178309.0 2178309 0.0 0.0
3524578.0 3524578 0.0 0.0
5702887.0 5702887 0.0 0.0
9227465.0 9227465 0.0 0.0
14930352.0 14930352 0.0 0.0
24157817.0 24157817 0.0 0.0
39088169.0 39088169 0.0 0.0
63245986.0 63245986 0.0 0.0
102334155.0 102334155 0.0 0.0