Final score:
model: 24.7402771325797 + 24.8186516530085*exp(-0.2064298189485*an_1**2); error: 3885.923076923077
model: 0.805659073369341*an_1        ; error: 26.46153846153846
model: -0.0616095187726873*an_1*an_2**3 + 24.8962178814617; error: 6191.692307692308
model: 0.307711386162363*an_1*an_2 + 24.8302086372094; error: 6191.692307692308
model: 0.753818352894731*an_2 + 9.31047425566082; error: 10.923076923076923
model: 1.3864512281848*an_2          ; error: 90.07692307692308
model: 0.130518908591437*an_1**2     ; error: 9747.461538461539
model: 0.51759930921092*an_1 + 4.75013407575006; error: 6.333333333333333
model: 0.455638461917129*an_2**2     ; error: 9747.461538461539
model: 0.0459508939113007*an_1**2*an_2 - 0.212066635787508*an_1*an_2 + 1.03071445944004*an_2 + 8.9029842840361; error: 10.923076923076923
model: 2.12487467828498*an_1 - 0.841722946039869*an_2; error: 13.974358974358974
[2, 3, 5, 7, 11, 13, 17, 19, 23, 29, 31, 37, 41, 43, 47, 53, 59, 61, 67, 71, 73, 79, 83, 89, 97, 101, 103, 107, 109, 113, 127, 131, 137, 139, 149, 151, 157, 163, 167, 173, 179]
[2, 3, 8.0, 13.0, 18.0, 23.0, 28.0, 33.0, 38.0, 43.0, 48.0, 53.0, 58.0, 63.0, 68.0, 73.0, 78.0, 83.0, 88.0, 93.0, 98.0, 103.0, 108.0, 113.0, 118.0, 123.0, 128.0, 133.0, 138.0, 143.0, 148.0, 153.0, 158.0, 163.0, 168.0, 173.0, 178.0, 183.0, 188.0, 193.0, 198.0]
2 2 0 0
3 3 0 0
8.0 5 3.0 0
13.0 7 6.0 3.0
18.0 11 7.0 9.0
23.0 13 10.0 16.0
28.0 17 11.0 26.0
33.0 19 14.0 37.0
38.0 23 15.0 51.0
43.0 29 14.0 66.0
48.0 31 17.0 80.0
53.0 37 16.0 97.0
58.0 41 17.0 113.0
63.0 43 20.0 130.0
68.0 47 21.0 150.0
73.0 53 20.0 171.0
78.0 59 19.0 191.0
83.0 61 22.0 210.0
88.0 67 21.0 232.0
93.0 71 22.0 253.0
98.0 73 25.0 275.0
103.0 79 24.0 300.0
108.0 83 25.0 324.0
113.0 89 24.0 349.0
118.0 97 21.0 373.0
123.0 101 22.0 394.0
128.0 103 25.0 416.0
133.0 107 26.0 441.0
138.0 109 29.0 467.0
143.0 113 30.0 496.0
148.0 127 21.0 526.0
153.0 131 22.0 547.0
158.0 137 21.0 569.0
163.0 139 24.0 590.0
168.0 149 19.0 614.0
173.0 151 22.0 633.0
178.0 157 21.0 655.0
183.0 163 20.0 676.0
188.0 167 21.0 696.0
193.0 173 20.0 717.0
198.0 179 19.0 737.0